[ 0.37891955 -0.56536592  2.02871647]
[-1.77377782  0.78443205  1.8173645 ]
[ 2.12360931 -0.62756134  2.22338933]
[2.43924096 0.10686227 4.77358627]
[2.83853552 0.33396055 4.79175017]
[0.01500414 0.52419945 1.96723754]
[0.56780787 0.25831954 0.87980979]
[ 1.13438533 -0.22217425  2.61131949]
[1.42622834 0.39655471 5.23884185]
[-2.35998139  0.73115145  3.06310485]
[1.61931014 0.85200894 4.63570342]
[ 1.0899283  -0.04327046  4.14272016]
[1.02262115 0.89000871 5.12640551]
[1.19621789 0.12015748 1.62413695]
[-1.4524857  -0.59961543  2.6877153 ]
[-1.93924697 -0.53897245  5.10742284]
[ 0.81769919 -0.8363643   3.60055306]
[-2.85054465 -0.44204784  3.15652902]
[ 2.40412529 -0.0508961   4.89656765]
[-0.02434456 -0.91547374  2.79344329]
[1.70074093 0.86792133 2.47305968]
[-1.6251352   0.76425222  5.0898004 ]
[-0.552882    0.51134504  5.5954712 ]
[1.91842716 0.74445415 5.8202933 ]
[ 0.6347666  -0.45110047  5.68175874]
[-1.63296112  0.42588257  4.46316795]
[ 1.31351096 -0.69276494  4.40779255]
[-0.32764471  0.74124714  5.56941695]
[-0.72225176 -0.74290109  5.31636894]
[-1.7756881  -0.12807817  5.73387567]
[ 0.76858293 -0.62381426  4.71764244]
[-2.37696964 -0.49251112  5.75549278]
[1.52797412 0.76145405 4.76111249]
[-2.46084701 -0.96948451  6.05653753]
[ 0.53814525 -0.94553431  4.75619217]
[-1.70499029 -0.57023159  1.43720356]
[-2.40871001 -0.21468742  0.23893666]
[0.77213148 0.93589963 4.37568543]
[-1.63743483 -0.07536505  3.05159939]
[1.7546434  0.23787849 4.20196163]
[ 2.92163442 -0.84486077  5.60491439]
[-1.79207736 -0.53500511  3.43153876]
[-2.20513085 -0.76513748  1.18762209]
[0.71521044 0.3134403  2.60774491]
[2.36519241 0.99817334 0.99043399]
[ 0.06156862 -0.07925753  1.1078392 ]
[-1.53183172  0.58599863  1.22576778]
[-0.33657808  0.12589517  6.24535665]
[-0.07531693  0.79234132  0.28119894]
[-1.90286389 -0.15493134  3.3014677 ]
[ 1.02138745 -0.21583127  0.48781208]
[-0.71272343 -0.21341378  3.75969396]
[ 2.06740007 -0.5561212   5.12347474]
[-0.41960282  0.64747808  3.79960304]
[ 0.134786   -0.23821629  1.43662498]
[-1.75694725 -0.90819205  5.8862945 ]
[-0.57788992  0.91130789  6.1150111 ]
[0.17772705 0.46855596 3.82388865]
[-0.75866682  0.57321901  3.41424087]
[-2.64374332 -0.89488094  5.13390361]
[2.74310177 0.98140014 5.88344996]
[-1.46529279  0.58369598  4.70114117]
[-1.80845281 -0.94337589  2.92530139]
[-0.44571724 -0.31615134  2.45760216]
[-2.88337988 -0.8095882   5.7413408 ]
[-0.53599549  0.86379736  5.44153455]
[2.46732136 0.22498342 2.86068959]
[-1.89625039 -0.04366709  3.03113404]
[ 1.79001394 -0.9568698   0.08024475]
[-1.49793021 -0.66821085  5.79695623]
[-1.51417552  0.29209241  4.164633  ]
[-1.34493362  0.01490671  5.58287109]
[-0.92952701 -0.37783636  5.57749746]
[-0.00770744 -0.73397965  3.61697475]
[1.40265277 0.02177755 2.23653778]
[2.91960955 0.90929938 1.80962812]
[2.71736013 0.06859213 5.2033772 ]
[0.38019635 0.24046224 6.13314694]
[ 1.15821293 -0.40959203  2.67613085]
[-0.06525123 -0.64523613  0.03038864]
[ 0.85842181 -0.20505842  5.87643504]
[2.17842844 0.24823583 2.98142391]
[-1.18563224  0.34618094  3.51706454]
[ 0.85352204 -0.83050138  2.24569311]
[1.2605336  0.25497541 5.53643579]
[ 1.22391331 -0.46038974  3.0586676 ]
[-1.10451905  0.29934899  4.83523434]
[ 2.85680218 -0.48317429  2.2920569 ]
[-1.75580551 -0.45247903  2.54030153]
[-0.95336938 -0.4966103   0.21486709]
[-0.21734385  0.40734611  3.92029601]